主轴24模版原点：X0,Y-25.5，示例点：24,-8.7 16.6,19.3 4,19.3 -18.3,17.8 -24,-8.7 -24,-8.7
120410定位孔：-35,0

下轴24模版原点：X0,Y-25.5，示例点：24,-8.7 18.7,17.8 -16.6,19.3 -24,-8.7
110010标记孔：23.8,1.5

主轴26.3模版原点：X0,Y-28.0，示例点：26.3,-9.6 18,21.4 -20.1,19.4 -26.3,-9.6
115010排气孔：15.3,-21.2 -18.6,-18.7
115010定位孔：-37,0
226110定位孔：20.6,-19 3.8,19.5 -28,1.3
228110排气孔：15.3,-21.2 -18.6,-18.7
222810排气孔：15.3,-21.2 -18.6,-18.7
229410排气孔：15.3,-21.2 -18.6,-18.7
229410定位孔：0,-38
235210定位孔：0,-38
241110定位孔：0,-38
美的11105815定位孔：-37,0
115811定位孔：-37,0
243810定位孔：0,-38

下轴26.3模版原点：X0,Y-28.0，示例点：26.3,-9.6 20.1,19.4 -4,18.6 -18,21.4 -26.3,-9.6
111810排气孔：18.6,-18.7 -15.3,-21.2 
111810沉孔：23.5,8.6 -20.4,-14.4
226110定位孔：20.6,-19 3.8,19.5 -28,1.3
224510排气孔：18.6,-18.7 -15.3,-21.3
224510排气孔粗铣：-3.6,18.7
241010标记点：-23.8,1.5
241910标记点：-23.8,1.5
141310排气孔：15.3,-21.2 -18.6,-18.7
141310定位孔：-37,0
141310标记孔：-22,5

主轴27.7模版原点：X0,Y-29.5，示例点：27.7,-10.2 19,22.6 3.8,21 -21.5,20.2 -27.7,-10.2
223710排气孔：16.5,-23.5 -16.5,-23.5
223710定位孔：0,-38
224610排气孔：16.5,-23.5 -16.5,-23.5
224610定位孔：0,-38
227210排气孔：16.5,-23.5 -16.5,-23.5
227210定位孔：0,-38
233310排气孔：16.5,-23.5 -16.5,-23.5
233310定位孔：0,-38
224610排气孔：16.5,-23 -20,-20
224610定位孔：0,-38
242010排气孔：16.5,-23.5 -16.5,-23.5
242010定位孔：0,-38
230210排气孔：16.5,-23 -20,-20
230210定位孔：0,-38
243110排气孔：15,-24.5 -15,-24.5
243110定位孔：0,-38
231910定位孔：0,-38
227811定位孔：0,-38
240911排气孔：13.2,-25.8 -20.5,-20.5
240911排气孔：13.2,-25.8 -29,0 -20.5,-20.5
英维克L6151510排气孔：16.5,-23.5 -16.5,-23.5
英维克L6151510定位孔：0,-38

下轴27.7模版原点：X0,Y-29.5，示例点：27.7,-10.2 21.5,20.2 -3.8,21 -19,22.6 -27.7,-10.2
英维克L6160510排气孔：16.5,-23.5 -16.5,-23.5
英维克L6160110标记点：-26,2
241310排气孔：15,-24.5 -15,-24.5
242210排气孔：16.5,-23 -16.5,-23
244910排气孔：16.5,-23 -16.5,-23
244910定位孔：0,-38

主轴28.7模版原点：X0,Y-30.5 示例点：28.7,-10.4 19.6,23.4 4.6,22.8 -21.9,21.2 -28.7,-10.4
360110定位孔：17,-24.9 -35.5,-24.7
360410定位孔：17,-24.9 -35.5,-24.7
320210排气孔：16,-25.4 -35.5,-24.7 -16.1,25.4
320210定位孔：-35.5,-24.7
356720定位孔：-35.5,-24.7
356720排气孔：16.1,-25.4 -16.1,-25.4
354810定位孔：14.5,-43.6 39,22.5 -39,22.5
357010定位孔：-35.5,-24.7
357010排气孔：16.1,-25.4 -16.1,-25.4
357710定位孔：-35.5,-24.7
357710排气孔：16.1,-25.4 -16.1,-25.4
300210定位孔：-35.5,-24.7
300210排气孔：16.1,-25.4 -16.1,-25.4

下轴28.7模版原点：X0,Y-30.5，示例点：28.7,-10.4 21.2,21.9 -4.6,22.8 -19.6,23.4 -28.7,-10.4
352910排气孔：16.1,-25.4 -16.1,-25.4
353610排气孔：16.1,-25.4 -16.1,-25.4


主轴33模版原点：X0,Y-35.0，示例点：33,-11 22,27 4.8,22.9 -24.4,25.1 -33,-11
390611定位孔：-38,-25.5
392310排气孔：18.3,-26.7 -18.7,-26.7
392310沉孔：-2.5,-47.4 42.3,21.6 -39.8,25.9
522010排气孔：20.3,-27.9 -33.4,8.3 -20.3,-27.9

下轴33模版原点：X0,Y-35.0，示例点：33,-11 24,25.3 -4.6,25.9 -22,27 -33,-11
521610排气孔：20.3,-27.9 33.4,8.3 -20.3,-27.9
522310排气孔：20.3,-27.9 33.4,8.3 -20.3,-27.9
522510排气孔：20.3,-27.9 -20.3,-27.9
522510沉孔：32,11.5 -27.8,-19.5
516820排气孔：20.3,-27.9 33.4,8.3 -20.3,-27.9
521710排气孔：20.3,-27.9 33.4,8.3 -20.3,-27.9

主轴37.2模版原点：X0,Y-39.0，示例点：37.2,-11.9 24.4,30.4 4.8,26.3 -27.6,27.6 -37.2,-11.9
632710排气孔：22.5,-30.6 -22.5,-30.6
632710定位孔：4.8,26.3 -33,-43
631210排气孔：22.5,-30.6 -35.5,13.5 -22.5,-30.6
631210定位孔：4.8,26.3 -33,-43

主轴38.1模版原点：X0,Y-40，示例点：38.1,-12.2 25.1,31.2 5.4,28 -28.3,28.3 -38.1,-12.2
712810排气孔：11.5,-36.2 22.5,-30.6 -38,6.5 -22.5,-30.6
712810定位孔：-12,-34 -33.3,-47.5

特别版28.7模版原点：X0,Y-30.5，示例点：16.1,-25.4 28.7,-10.4 21.2,21.9 -4.6,22.8 -19.6,23.4 -28.7,-10.4 -16.1,-25.4
338910沉孔：28,12.4 -24.5,-18.3
339110沉孔：28,12.4 -24.5,-18.3
392010定位孔：-35.5,-24.7
300210沉孔：28,12.4 -24.5,-18.3

特别版33模版原点：X0,Y-35.0，示例点：19,-27.7 33,-11 22,27 4.6,24.5 -24.4,25.1 -33,-11 -19,-27.7
392510定位孔：14,44.5 -35.5,-24.7

下轴特别版33模版原点：X0,Y-35.0，示例点：19,-27.7 33,-11 24.4,25.1 -4.6,24.5 -22,27 -33,-11 -19,-27.7
300410沉孔：17.4,-25.3 -17.4,-25.3
300410沉孔2：32,14.2 -28,-20.9
338010沉孔：32,14.2 -28,-20.9
339810沉孔：17.4,-25.3 -17.4,-25.3
339810沉孔2：32,14.2 -28,-20.9
